EURUSDMIN=1.17631
EURUSDMAX=1.24138
EURUSDVOLMIN = 0
EURUSDVOLMAX = 1000
